"","V1","V2"
"1",5,7
"2",6,7
"3",4,8
"4",6,8
"5",9,10
"6",1,11
"7",7,11
"8",10,11
"9",2,12
"10",7,12
"11",1,13
"12",3,13
"13",2,14
"14",5,15
"15",3,16
"16",9,17
"17",15,17
"18",17,18
"19",6,20
"20",7,21
"21",8,21
"22",20,22
"23",21,23
"24",19,24
"25",21,24
"26",22,25
"27",23,25
"28",24,26
