"","V1","V2"
"1",1,4
"2",2,4
"3",1,5
"4",5,6
"5",3,7
"6",4,8
"7",6,8
"8",6,9
"9",7,9
"10",8,10
"11",8,11
"12",9,12
"13",12,13
"14",10,14
"15",11,14
"16",11,15
"17",12,15
"18",10,16
