"","V1","V2"
"1",2,3
"2",1,4
"3",3,5
"4",4,5
"5",4,6
"6",5,8
"7",5,9
"8",7,11
"9",7,13
"10",8,13
"11",8,14
"12",9,14
"13",9,15
"14",10,15
"15",10,16
"16",12,18
"17",17,18
"18",14,19
"19",17,19
"20",15,20
"21",16,20
"22",13,21
"23",19,21
"24",12,22
"25",18,22
"26",20,23
"27",21,24
"28",24,25
"29",24,26
