"","V1","V2"
"1",1,2
"2",5,7
"3",3,8
"4",4,8
"5",1,9
"6",4,9
"7",6,10
"8",9,10
"9",10,11
"10",1,12
"11",3,13
"12",7,13
"13",8,15
"14",9,15
"15",15,16
"16",13,17
"17",14,17
"18",16,17
"19",16,18
"20",17,18
"21",18,19
"22",18,20
"23",19,20
