"","V1","V2"
"1",3,5
"2",4,5
"3",1,7
"4",2,7
"5",6,7
"6",5,8
"7",5,9
"8",7,9
"9",7,10
"10",9,13
"11",11,15
"12",11,16
"13",12,16
"14",12,17
"15",13,17
"16",13,18
"17",14,18
"18",14,19
