"","V1","V2"
"1",2,5
"2",3,5
"3",3,6
"4",4,6
"5",5,7
"6",6,7
"7",7,8
"8",1,10
"9",9,11
"10",10,12
"11",10,13
"12",10,14
"13",12,14
"14",13,15
"15",14,15
"16",16,17
"17",11,18
"18",9,19
"19",17,19
"20",20,22
"21",20,23
"22",8,24
"23",20,24
"24",21,24
"25",21,26
"26",8,27
"27",19,27
"28",12,29
"29",27,29
"30",25,30
"31",28,30
"32",29,31
"33",31,33
"34",34,35
"35",27,36
"36",33,37
"37",30,38
"38",34,39
"39",35,39
"40",35,40
"41",36,40
"42",36,41
"43",28,42
"44",30,42
"45",27,43
"46",38,43
"47",41,43
"48",32,44
"49",38,44
"50",30,45
"51",44,46
