"","V1","V2"
"1",1,3
"2",2,3
"3",2,5
"4",3,6
"5",5,7
"6",2,8
"7",6,8
"8",7,8
"9",4,9
"10",5,9
"11",6,10
"12",10,12
"13",11,12
"14",14,15
"15",13,16
"16",14,16
"17",15,16
"18",6,17
"19",14,17
"20",16,17
"21",12,18
