"","V1","V2"
"1",1,3
"2",2,3
"3",1,4
"4",3,5
"5",4,5
"6",6,8
"7",7,8
"8",7,9
"9",5,10
"10",9,12
"11",10,12
"12",11,13
"13",6,15
"14",7,16
"15",8,17
"16",14,17
"17",15,17
"18",16,17
"19",9,18
"20",12,18
"21",16,18
"22",10,19
"23",12,19
"24",11,20
"25",19,20
