"","V1","V2"
"1",1,4
"2",2,4
"3",4,5
"4",3,6
"5",3,7
"6",4,9
"7",5,10
"8",9,10
"9",10,12
"10",10,13
"11",11,13
"12",6,14
"13",11,14
"14",7,15
"15",8,15
"16",14,15
"17",11,16
"18",15,17
