"","V1","V2"
"1",1,2
"2",1,3
"3",2,3
"4",2,4
"5",4,5
"6",4,6
"7",6,10
"8",7,11
"9",5,13
"10",7,14
"11",9,15
"12",10,15
"13",10,16
"14",11,16
"15",11,17
"16",12,17
"17",12,18
"18",8,19
"19",9,19
"20",18,20
"21",15,21
"22",20,21
"23",21,24
"24",23,24
"25",21,25
"26",22,25
"27",25,26
