"","V1","V2"
"1",2,3
"2",1,5
"3",3,5
"4",2,6
"5",3,7
"6",7,9
"7",5,10
"8",7,10
"9",5,11
"10",4,12
"11",2,13
"12",8,13
"13",9,13
"14",9,14
"15",10,14
"16",10,15
"17",11,15
"18",11,16
"19",12,16
"20",6,17
"21",15,18
"22",16,18
"23",9,19
"24",13,19
"25",14,20
"26",15,20
"27",13,21
"28",18,22
"29",20,22
"30",19,23
"31",20,23
