"","V1","V2"
"1",1,3
"2",1,4
"3",3,4
"4",4,5
"5",2,6
"6",5,7
"7",6,8
"8",5,9
"9",6,10
"10",7,10
"11",7,12
"12",9,12
"13",9,13
"14",11,13
"15",10,14
"16",12,15
"17",14,16
"18",14,17
"19",15,17
"20",11,18
"21",15,19
"22",18,20
"23",19,20
