"","V1","V2"
"1",1,2
"2",3,4
"3",2,5
"4",2,6
"5",3,6
"6",6,7
"7",7,8
"8",8,11
"9",10,11
"10",8,12
"11",8,13
"12",9,14
"13",10,14
"14",10,15
"15",11,15
"16",12,16
"17",13,16
"18",16,17
"19",17,18
