"","V1","V2"
"1",2,3
"2",3,4
"3",1,5
"4",1,6
"5",2,6
"6",5,6
"7",2,7
"8",5,7
"9",4,8
