"","V1","V2"
"1",2,3
"2",1,4
"3",1,5
"4",1,6
"5",2,8
"6",3,8
"7",7,8
"8",3,9
"9",8,9
"10",4,10
"11",9,10
"12",5,11
"13",5,12
"14",6,12
"15",12,13
"16",10,14
"17",13,14
"18",8,15
"19",13,16
"20",14,18
"21",18,20
"22",14,21
"23",18,21
"24",17,22
"25",19,23
"26",20,23
"27",18,24
"28",20,24
"29",21,24
"30",17,25
"31",21,25
"32",13,26
"33",25,26
"34",16,27
"35",26,27
"36",26,28
"37",23,29
"38",24,29
"39",28,30
"40",29,31
"41",29,32
"42",29,33
"43",32,33
"44",28,34
"45",27,35
