"","V1","V2"
"1",1,5
"2",4,5
"3",2,6
"4",3,7
"5",7,8
"6",1,9
"7",7,9
"8",8,9
"9",2,10
"10",3,10
"11",7,10
"12",1,11
"13",5,11
"14",6,11
"15",4,12
"16",10,13
"17",13,14
"18",6,15
"19",11,16
"20",15,16
"21",16,17
"22",13,18
"23",8,22
"24",19,22
"25",21,22
"26",20,23
"27",22,23
"28",23,24
"29",21,25
"30",22,25
"31",23,25
