"","V1","V2"
"1",2,3
"2",1,4
"3",7,8
"4",3,9
"5",4,9
"6",3,11
"7",5,13
"8",6,13
"9",6,14
"10",7,14
"11",7,16
"12",8,16
"13",14,16
"14",9,17
"15",16,17
"16",9,18
"17",10,18
"18",11,19
"19",18,19
"20",12,21
"21",15,21
"22",20,22
"23",17,23
"24",21,23
"25",22,23
