"","V1","V2"
"1",1,3
"2",2,4
"3",1,5
"4",2,5
"5",5,7
"6",4,8
"7",5,8
"8",7,8
"9",4,9
"10",8,9
"11",6,10
"12",1,11
"13",6,11
"14",7,11
"15",5,12
"16",7,12
"17",8,12
"18",11,12
"19",12,13
"20",12,14
"21",7,15
"22",10,15
"23",11,15
"24",15,16
"25",16,17
"26",16,19
"27",18,19
"28",17,20
"29",19,21
