"","V1","V2"
"1",1,3
"2",2,5
"3",4,5
"4",2,6
"5",3,7
"6",3,8
"7",4,8
"8",5,9
"9",6,9
"10",7,10
"11",5,11
"12",8,11
"13",9,12
"14",11,13
"15",12,14
"16",13,16
"17",12,17
"18",13,17
"19",14,18
"20",15,19
"21",16,19
"22",16,20
"23",17,20
"24",17,21
"25",18,21
"26",20,22
