"","V1","V2"
"1",2,3
"2",2,6
"3",3,8
"4",1,9
"5",3,9
"6",10,11
"7",9,12
"8",4,13
"9",5,13
"10",5,14
"11",7,14
"12",7,15
"13",15,16
"14",8,17
"15",10,17
"16",11,18
"17",8,19
"18",14,19
"19",2,20
"20",17,20
"21",18,20
"22",19,21
"23",20,22
"24",21,23
"25",23,25
"26",24,25
"27",2,26
"28",6,26
