"","V1","V2"
"1",1,2
"2",2,3
"3",3,4
"4",2,6
"5",3,6
"6",4,7
"7",4,8
"8",5,8
"9",7,9
"10",6,10
"11",10,12
"12",11,12
