"","V1","V2"
"1",2,3
"2",1,4
"3",3,5
"4",3,6
"5",4,6
"6",4,7
"7",6,9
"8",9,10
"9",10,11
"10",8,13
"11",9,14
"12",13,14
"13",10,15
"14",14,15
"15",11,16
"16",12,16
"17",12,17
"18",13,18
"19",15,19
"20",16,19
"21",18,19
"22",18,20
