"","V1","V2"
"1",1,3
"2",4,5
"3",2,6
"4",5,6
"5",3,7
"6",6,7
"7",5,8
"8",4,9
"9",8,9
