"","V1","V2"
"1",2,3
"2",3,4
"3",4,5
"4",1,6
"5",3,6
"6",5,7
"7",6,8
"8",3,9
"9",7,10
"10",9,10
"11",3,11
"12",8,11
"13",9,11
"14",1,12
"15",2,12
